ConfA: 0.6581325531005859
ConfB: 1.1764824390411377
ConfC: 1.935204029083252
ConfD: 2.303011894226074
ConfE: 3.0053341388702393
ConfF: 3.965297222137451
