ConfA: 1.3523612022399902
ConfB: 2.574946880340576
ConfC: 3.9768080711364746
ConfD: 5.514101505279541
ConfE: 7.610962152481079
ConfF: 10.807778120040894
