ConfA: 0.8099420070648193
ConfB: 5.839294910430908
ConfC: 70.1634886264801
ConfD: 779.6645972728729
ConfE: 13700.163413524628
confF: Demasiado tiempo