ConfA: 2.261870861053467
ConfB: 2.343090772628784
ConfC: 4.000442981719971
ConfD: 10.239484310150146
ConfE: 12.50626540184021
ConfF: 18.962141513824463
