ConfA: 11.261558294296265
ConfB: 9.072859764099121
ConfC: 8.991626977920532
ConfD: 9.489219903945923
ConfE: 10.408913135528564
ConfF: 11.304083347320557
